1762090958.767066,1
1762090958.894487,8
1762090959.010903,16
1762090959.134407,19
1762090959.250776,19
1762090959.365562,18
1762090959.482757,18
1762090959.592978,20
1762090959.708816,19
1762090959.823304,20
1762090959.949037,20
1762090960.063890,20
1762090960.171333,17
1762090960.311785,11
1762090960.431689,13
1762090960.565564,14
1762090960.675456,11
1762090960.801922,8
1762090960.925014,9
1762090961.046965,10
1762090961.160558,9
1762090961.270822,10
1762090961.388856,9
1762090961.504915,9
1762090961.620762,10
1762090961.733693,10
1762090961.843396,10
1762090961.954240,10
1762090962.074876,10
1762090962.192565,12
1762090962.347106,10
1762090962.463842,11
1762090962.574955,11
1762090962.704832,11
1762090962.831773,12
1762090962.982086,11
1762090963.097864,18
1762090963.209198,18
1762090963.345798,14
1762090963.512051,11
1762090963.628874,9
1762090963.740341,7
1762090963.882134,6
1762090964.016049,6
1762090964.132317,8
1762090964.276771,6
1762090964.433370,6
1762090964.546360,7
1762090964.664766,8
1762090964.774780,8
1762090964.882281,9
1762090965.010390,8
1762090965.131321,8
1762090965.268954,10
1762090965.382264,10
1762090965.520373,9
1762090965.634587,9
1762090965.755189,9
1762090965.874996,10
1762090965.986785,11
1762090966.127536,9
1762090966.294402,10
1762090966.418890,11
1762090966.559910,10
1762090966.683792,18
1762090966.800729,12
1762090966.950106,13
1762090967.067282,11
1762090967.205539,12
1762090967.346211,11
1762090967.501333,11
1762090967.614416,13
1762090967.745024,14
1762090967.876990,15
1762090968.002971,13
1762090968.113890,13
1762090968.259616,12
1762090968.376731,13
1762090968.517855,13
1762090968.639727,14
1762090968.762689,14
1762090968.879298,14
1762090969.006003,14
1762090969.117873,14
1762090969.230820,13
1762090969.359969,14
1762090969.479694,15
1762090969.611426,15
1762090969.757772,16
1762090969.880068,16
1762090970.017437,16
1762090970.143442,20
1762090970.255593,18
1762090970.372009,15
1762090970.509936,12
1762090970.627276,14
1762090970.745660,7
1762090970.854244,7
1762090970.981049,8
1762090971.124158,9
1762090971.243816,10
1762090971.353952,9
1762090971.460746,8
1762090971.571484,8
1762090971.680071,8
1762090971.792275,9
1762090971.914637,10
1762090972.025473,10
1762090972.133471,9
1762090972.281668,9
1762090972.422428,10
1762090972.542964,10
1762090972.661219,11
1762090972.782139,10
1762090972.902646,10
1762090973.017128,11
1762090973.138498,10
1762090973.249101,11
1762090973.386542,10
1762090973.515070,11
1762090973.649879,12
1762090973.768953,12
1762090973.914927,11
1762090974.051095,12
1762090974.199798,12
1762090974.319919,13
1762090974.441332,12
1762090974.562070,12
1762090974.682326,20
1762090974.812612,16
1762090974.950168,13
1762090975.065872,11
1762090975.183821,10
1762090975.324583,6
1762090975.454036,5
1762090975.571026,6
1762090975.732470,6
1762090975.844114,7
1762090975.967958,7
1762090976.095689,7
1762090976.223132,8
1762090976.347487,7
1762090976.463690,8
1762090976.582841,8
1762090976.698334,8
1762090976.825694,9
1762090976.942548,10
1762090977.056367,10
1762090977.180213,9
1762090977.319647,9
1762090977.462366,9
1762090977.598881,10
1762090977.721656,10
1762090977.836736,10
1762090977.958055,12
1762090978.086673,11
1762090978.205715,17
1762090978.326726,13
1762090978.444596,13
1762090978.565823,12
1762090978.686069,12
1762090978.806521,12
1762090978.922229,12
1762090979.035776,12
1762090979.150454,12
1762090979.283338,12
1762090979.415654,13
1762090979.542913,13
1762090979.666188,13
1762090979.782677,13
1762090979.916474,13
1762090980.034650,13
1762090980.157242,14
1762090980.276780,14
1762090980.393368,14
1762090980.536238,14
1762090980.657888,14
1762090980.782904,13
1762090980.913980,12
1762090981.029176,15
1762090981.138131,15
1762090981.279126,13
1762090981.398942,16
1762090981.524357,15
1762090981.676398,15
1762090981.795723,19
1762090981.916070,17
1762090982.033430,14
1762090982.149433,15
1762090982.273485,9
1762090982.406498,7
1762090982.543302,8
1762090982.669867,7
1762090982.800079,10
1762090982.926822,9
1762090983.040509,8
1762090983.156992,9
1762090983.280933,8
1762090983.416447,9
1762090983.532637,8
1762090983.644216,10
1762090983.783604,10
1762090983.916699,9
1762090984.034867,10
1762090984.156795,10
1762090984.296529,10
1762090984.415121,11
1762090984.556202,10
1762090984.667774,9
1762090984.779818,11
1762090984.898452,11
1762090985.031112,12
1762090985.150120,12
1762090985.271843,11
1762090985.389540,11
1762090985.505446,11
1762090985.622684,12
1762090985.741142,12
1762090985.900172,13
1762090986.041488,14
1762090986.179754,20
1762090986.309804,20
1762090986.452359,13
1762090986.602440,13
1762090986.726296,12
1762090986.850729,9
1762090986.973672,6
1762090987.091984,7
1762090987.226968,7
1762090987.344064,8
1762090987.470764,7
1762090987.587157,8
1762090987.695899,8
1762090987.813138,8
1762090987.938937,8
1762090988.057357,8
1762090988.176080,8
1762090988.313317,9
1762090988.431198,9
1762090988.549101,9
1762090988.681634,9
1762090988.798836,10
1762090988.916353,10
1762090989.032698,11
1762090989.148298,10
1762090989.288611,10
1762090989.424265,11
1762090989.541009,12
1762090989.658246,10
1762090989.769816,18
1762090989.877226,17
1762090989.992722,13
1762090990.112097,11
1762090990.229258,12
1762090990.337916,12
1762090990.452931,12
1762090990.568425,12
1762090990.682634,13
1762090990.800603,13
1762090990.927587,11
1762090991.057079,11
1762090991.183698,13
1762090991.299903,12
1762090991.417090,13
1762090991.545380,13
1762090991.663411,13
1762090991.781664,14
1762090991.897915,14
1762090992.012719,14
1762090992.128624,14
1762090992.252829,14
1762090992.367469,14
1762090992.491566,15
1762090992.608802,15
1762090992.724668,15
1762090992.839245,15
1762090992.962836,15
1762090993.099523,16
1762090993.218483,15
1762090993.340600,18
1762090993.476753,17
1762090993.594086,15
1762090993.713488,14
1762090993.834652,9
1762090993.950838,7
1762090994.066420,9
1762090994.185845,8
1762090994.303131,11
1762090994.425155,10
1762090994.544560,8
1762090994.661985,8
1762090994.779428,9
1762090994.897511,9
1762090995.012872,9
1762090995.129502,10
1762090995.244820,10
1762090995.363093,9
1762090995.480286,10
1762090995.603095,9
1762090995.720021,10
1762090995.839197,12
1762090995.989359,9
1762090996.100561,11
1762090996.216346,11
1762090996.347349,11
1762090996.469599,12
1762090996.619597,10
1762090996.751856,10
1762090996.870076,12
1762090996.983822,13
1762090997.114370,13
1762090997.241996,13
1762090997.362444,13
1762090997.481491,13
1762090997.612005,14
1762090997.732639,19
1762090997.869659,20
1762090997.980671,14
1762090998.090255,15
1762090998.206830,13
1762090998.335817,5
1762090998.462606,7
1762090998.579781,7
1762090998.729473,7
1762090998.848324,7
1762090998.958257,7
1762090999.067325,8
1762090999.187190,7
1762090999.300774,8
1762090999.418446,9
1762090999.536422,9
1762090999.652225,10
1762090999.769314,9
1762090999.888800,9
1762091000.013136,9
1762091000.134223,10
1762091000.261881,10
1762091000.371314,10
1762091000.489480,10
1762091000.604998,10
1762091000.717710,10
1762091000.825618,10
1762091000.973076,11
1762091001.097076,12
1762091001.212435,18
1762091001.332479,18
1762091001.449697,13
1762091001.576041,13
1762091001.685841,12
1762091001.804302,12
1762091001.928682,11
1762091002.049368,12
1762091002.161053,12
1762091002.294761,12
1762091002.428059,12
1762091002.546171,13
1762091002.668957,13
1762091002.805080,13
1762091002.925495,14
1762091003.048992,14
1762091003.166074,14
1762091003.284309,14
1762091003.400461,14
1762091003.531734,13
1762091003.647388,14
1762091003.775453,13
1762091003.891888,15
1762091004.011924,15
1762091004.128056,15
1762091004.242987,15
1762091004.356905,17
1762091004.495456,15
1762091004.613270,16
1762091004.732978,15
1762091004.853203,19
1762091004.971978,19
1762091005.095726,14
1762091005.232743,14
1762091005.349549,15
1762091005.466949,8
1762091005.589746,7
1762091005.736564,6
1762091005.855194,10
1762091005.981985,8
1762091006.099743,10
1762091006.211558,8
1762091006.346849,9
1762091006.466146,8
1762091006.581527,8
1762091006.700749,10
1762091006.815454,10
1762091006.943069,9
1762091007.077407,9
1762091007.217197,10
1762091007.358680,11
1762091007.479195,10
1762091007.615938,10
1762091007.732216,11
1762091007.852859,12
1762091007.976637,12
1762091008.096082,12
1762091008.211082,11
1762091008.330751,12
1762091008.445631,12
1762091008.581212,13
1762091008.692065,13
1762091008.808961,12
1762091008.925569,13
1762091009.053785,13
1762091009.179188,14
1762091009.303125,19
1762091009.423325,17
1762091009.543141,13
1762091009.657129,12
1762091009.784917,6
1762091009.912913,6
1762091010.030647,7
1762091010.151502,7
1762091010.269155,7
1762091010.400822,7
1762091010.520251,8
1762091010.653854,6
1762091010.809056,8
1762091010.957090,7
1762091011.083822,8
1762091011.212056,7
1762091011.360601,8
1762091011.476254,9
1762091011.612535,10
1762091011.727930,10
1762091011.843158,9
1762091011.961095,9
1762091012.087619,9
1762091012.229438,11
1762091012.367094,10
1762091012.498486,10
1762091012.645451,12
1762091012.794108,11
1762091012.927812,18
1762091013.088591,13
1762091013.238638,11
1762091013.357134,12
1762091013.483821,12
1762091013.603601,12
1762091013.741108,12
1762091013.861584,12
1762091013.978020,12
1762091014.092971,13
1762091014.217384,13
1762091014.384598,12
1762091014.521743,12
1762091014.641461,14
1762091014.758781,14
1762091014.875974,15
1762091014.994952,14
1762091015.114017,14
1762091015.230112,14
1762091015.346431,14
1762091015.465260,14
1762091015.585202,15
1762091015.701867,15
1762091015.818008,16
1762091015.939963,16
1762091016.053167,15
1762091016.169737,16
1762091016.281855,15
1762091016.399002,19
1762091016.518648,18
1762091016.633753,13
1762091016.749068,14
1762091016.865144,12
1762091016.982535,6
1762091017.103222,8
1762091017.224450,7
1762091017.345959,8
1762091017.470934,8
1762091017.594518,8
1762091017.711829,9
1762091017.833030,8
1762091017.952287,8
1762091018.088392,7
1762091018.255972,8
1762091018.390264,10
1762091018.536643,9
1762091018.648018,9
1762091018.761388,10
1762091018.891212,11
1762091019.011107,11
1762091019.152903,10
1762091019.268934,10
1762091019.386379,11
1762091019.505469,12
1762091019.638517,12
1762091019.774443,11
1762091019.922591,12
1762091020.050158,12
1762091020.207360,10
1762091020.329105,14
1762091020.451445,13
1762091020.580341,14
1762091020.728235,19
1762091020.850067,18
1762091020.975260,13
1762091021.111850,13
1762091021.232902,10
1762091021.351840,6
1762091021.476303,6
1762091021.593501,6
1762091021.708820,7
1762091021.825444,7
1762091021.947909,6
1762091022.067206,7
1762091022.190191,7
1762091022.321396,7
1762091022.443107,8
1762091022.559605,9
1762091022.674539,9
1762091022.816990,7
1762091022.931917,9
1762091023.077680,9
1762091023.191515,10
1762091023.299958,10
1762091023.432274,9
1762091023.545702,10
1762091023.693515,11
1762091023.812881,10
1762091023.927004,11
1762091024.036923,12
1762091024.164621,12
1762091024.287838,17
1762091024.405764,16
1762091024.518819,13
1762091024.648747,12
1762091024.771643,12
1762091024.888423,12
1762091025.025784,11
1762091025.151232,11
1762091025.267846,13
1762091025.378282,12
1762091025.489230,13
1762091025.608537,13
1762091025.723410,13
1762091025.840548,13
1762091025.956650,14
1762091026.077387,13
1762091026.197037,13
1762091026.331467,14
1762091026.450027,14
1762091026.566087,14
1762091026.685902,14
1762091026.803441,13
1762091026.929469,14
1762091027.060598,15
1762091027.188532,15
1762091027.313011,16
1762091027.424999,15
1762091027.542350,15
1762091027.684371,15
1762091027.799250,20
1762091027.918793,18
1762091028.051688,15
1762091028.164315,13
1762091028.282785,12
1762091028.430586,6
1762091028.577089,7
1762091028.721612,7
1762091028.853330,10
1762091028.970674,9
1762091029.086998,8
1762091029.205750,8
1762091029.323965,8
1762091029.438949,8
1762091029.575405,10
1762091029.695937,9
1762091029.831117,9
1762091029.968021,9
1762091030.088459,10
1762091030.204477,11
1762091030.323640,10
1762091030.466143,10
1762091030.599579,11
1762091030.715375,10
1762091030.828369,10
1762091030.955009,10
1762091031.080740,11
1762091031.199156,11
1762091031.347326,11
1762091031.494872,11
1762091031.611161,12
1762091031.727038,12
1762091031.851035,13
1762091031.972128,13
1762091032.093802,12
1762091032.239747,12
1762091032.359254,19
1762091032.486238,13
1762091032.620158,13
1762091032.755381,10
1762091032.873654,5
1762091032.999273,5
1762091033.110434,6
1762091033.227688,6
1762091033.349416,7
1762091033.470057,7
1762091033.582089,7
1762091033.692270,7
1762091033.838591,8
1762091033.972531,9
1762091034.116619,7
1762091034.229006,7
1762091034.356229,8
1762091034.488898,8
1762091034.621385,9
1762091034.738555,9
1762091034.874024,9
1762091034.999667,10
1762091035.111780,11
1762091035.261349,10
1762091035.377115,10
1762091035.530262,11
1762091035.652042,11
1762091035.764405,10
1762091035.901414,18
1762091036.017934,14
1762091036.161459,12
1762091036.277678,12
1762091036.392340,11
1762091036.511802,12
1762091036.634341,12
1762091036.749875,12
1762091036.863136,13
1762091036.979061,13
1762091037.090773,13
1762091037.199619,13
1762091037.311625,13
1762091037.440118,13
1762091037.552644,13
1762091037.661061,14
1762091037.769418,14
1762091037.877387,14
1762091038.011051,14
1762091038.136864,13
1762091038.276067,14
1762091038.396391,14
1762091038.511402,14
1762091038.647415,15
1762091038.768248,15
1762091038.883535,15
1762091039.021871,15
1762091039.145931,16
1762091039.267953,17
1762091039.382681,18
1762091039.500056,18
1762091039.617623,13
1762091039.733694,13
1762091039.848825,12
1762091039.976672,7
1762091040.092435,7
1762091040.208588,8
1762091040.333458,10
1762091040.468247,9
1762091040.601443,8
1762091040.761476,6
1762091040.925827,9
1762091041.045232,10
1762091041.170932,9
1762091041.353288,9
1762091041.471335,10
1762091041.590425,9
1762091041.705272,9
1762091041.821639,10
1762091041.937197,11
1762091042.061496,11
1762091042.176774,11
1762091042.291215,11
1762091042.407169,10
1762091042.527893,10
1762091042.644877,12
1762091042.762763,12
1762091042.891076,12
1762091043.011523,12
1762091043.126754,12
1762091043.242748,12
1762091043.361539,11
1762091043.481161,14
1762091043.603709,14
1762091043.728131,19
1762091043.862255,19
1762091043.981379,12
1762091044.098848,13
1762091044.215595,8
1762091044.328685,6
1762091044.456712,7
1762091044.571017,6
1762091044.688135,7
1762091044.811265,8
1762091044.927122,8
1762091045.044561,7
1762091045.161003,7
1762091045.280597,8
1762091045.398877,8
1762091045.512105,9
1762091045.628059,8
1762091045.744853,8
1762091045.866167,9
1762091045.984503,9
1762091046.103699,9
1762091046.222384,10
1762091046.342767,10
1762091046.459425,9
1762091046.578086,10
1762091046.694916,11
1762091046.812116,11
1762091046.929551,11
1762091047.048138,12
1762091047.163903,12
1762091047.281046,19
1762091047.398315,16
1762091047.517067,14
1762091047.646459,12
1762091047.764778,12
1762091047.881096,12
1762091048.002857,12
1762091048.118037,12
1762091048.234126,12
1762091048.350351,12
1762091048.466221,13
1762091048.583274,13
1762091048.703493,13
1762091048.822528,13
1762091048.939697,13
1762091049.054025,13
1762091049.170487,14
1762091049.287849,13
1762091049.403911,14
1762091049.523526,14
1762091049.642540,14
1762091049.757788,15
1762091049.872022,16
1762091049.986778,14
1762091050.103641,15
1762091050.222021,15
1762091050.336961,15
1762091050.467006,14
1762091050.585930,17
1762091050.699588,17
1762091050.814968,18
1762091050.931718,18
1762091051.046953,13
1762091051.161786,13
1762091051.276995,12
1762091051.394726,7
1762091051.509837,7
1762091051.628902,8
1762091051.746890,7
1762091051.871000,9
1762091051.987847,9
1762091052.102803,9
1762091052.222397,9
1762091052.337815,9
1762091052.455028,9
1762091052.582983,8
1762091052.704366,9
1762091052.822700,10
1762091052.940516,10
1762091053.054834,9
1762091053.171994,10
1762091053.288962,10
1762091053.406814,10
1762091053.521120,11
1762091053.640620,11
1762091053.758823,11
1762091053.878649,13
1762091053.993567,12
1762091054.108695,11
1762091054.226830,11
1762091054.341141,11
1762091054.456754,12
1762091054.576073,12
1762091054.691125,13
1762091054.815165,13
1762091054.936568,14
1762091055.053338,14
1762091055.171158,19
1762091055.289773,19
1762091055.407806,13
1762091055.523565,13
1762091055.639173,9
1762091055.754552,6
1762091055.869447,6
1762091055.985759,7
1762091056.107462,7
1762091056.223888,7
1762091056.340360,7
1762091056.463012,7
1762091056.583344,8
1762091056.708825,8
1762091056.830875,8
1762091056.957855,9
1762091057.075920,8
1762091057.191942,9
1762091057.307508,9
1762091057.436829,9
1762091057.563139,9
1762091057.678178,9
1762091057.793340,10
1762091057.910936,10
1762091058.033992,10
1762091058.154081,10
1762091058.272800,10
1762091058.389271,10
1762091058.504147,12
1762091058.622966,11
1762091058.741793,19
1762091058.858051,15
1762091058.974853,13
1762091059.093361,11
1762091059.209985,12
1762091059.325919,12
1762091059.442107,12
1762091059.558696,12
1762091059.674648,13
1762091059.794172,13
1762091059.911314,13
1762091060.033823,12
1762091060.154347,13
1762091060.271618,13
1762091060.387974,13
1762091060.501811,14
1762091060.618341,14
1762091060.737071,14
1762091060.853139,14
1762091060.970167,14
1762091061.092381,14
1762091061.221638,14
1762091061.341931,14
1762091061.460048,15
1762091061.582807,15
1762091061.700633,15
1762091061.816379,15
1762091061.937893,16
1762091062.068147,16
1762091062.186092,20
1762091062.300987,18
1762091062.417060,16
1762091062.537716,14
1762091062.661231,14
1762091062.781396,9
1762091062.901542,7
1762091063.019202,8
1762091063.139687,7
1762091063.257141,10
1762091063.371797,9
1762091063.488550,10
1762091063.603786,9
1762091063.719953,8
1762091063.836314,9
1762091063.953303,9
1762091064.067736,9
1762091064.183825,10
1762091064.310861,10
1762091064.431192,10
1762091064.547542,10
1762091064.663837,10
1762091064.778103,10
1762091064.893901,11
1762091065.007498,11
1762091065.124031,11
1762091065.239126,11
1762091065.355142,12
1762091065.470851,12
1762091065.594767,11
1762091065.710632,12
1762091065.829450,12
1762091065.946982,12
1762091066.063413,12
1762091066.178818,13
1762091066.294790,13
1762091066.409495,14
1762091066.523873,15
1762091066.645344,19
1762091066.762424,19
1762091066.878479,12
1762091066.996930,13
1762091067.115921,9
1762091067.235325,5
1762091067.352499,6
1762091067.481526,6
1762091067.614541,7
1762091067.735177,7
1762091067.853982,7
1762091067.973464,7
1762091068.092682,9
1762091068.207570,9
1762091068.325150,8
1762091068.441907,8
1762091068.557551,9
1762091068.691436,8
1762091068.817555,9
1762091068.936830,9
1762091069.053284,9
1762091069.168681,10
1762091069.292823,10
1762091069.414861,10
1762091069.549328,9
1762091069.664530,10
1762091069.779090,11
1762091069.902689,11
1762091070.018994,12
1762091070.134693,17
1762091070.252680,19
1762091070.371183,12
1762091070.488520,14
1762091070.604733,12
1762091070.731925,12
1762091070.849630,11
1762091070.966910,11
1762091071.082209,12
1762091071.210822,13
1762091071.328816,13
1762091071.446285,13
1762091071.562661,13
1762091071.683246,13
1762091071.811549,12
1762091071.932253,13
1762091072.053669,14
1762091072.174284,14
1762091072.288779,14
1762091072.405084,15
1762091072.523232,14
1762091072.640299,14
1762091072.755794,14
1762091072.877755,15
1762091072.996212,15
1762091073.112233,15
1762091073.230308,16
1762091073.345613,17
1762091073.478415,16
1762091073.613393,16
1762091073.732782,20
1762091073.852306,20
1762091073.969333,14
1762091074.086491,14
1762091074.202190,12
1762091074.338119,7
1762091074.463140,7
1762091074.581087,7
1762091074.696335,10
1762091074.811712,9
1762091074.928704,9
1762091075.046391,9
1762091075.169138,8
1762091075.292707,8
1762091075.410739,9
1762091075.531072,9
1762091075.645948,11
1762091075.765168,10
1762091075.883564,10
1762091076.001591,9
1762091076.116158,10
1762091076.232484,11
1762091076.347807,10
1762091076.473510,11
1762091076.602243,11
1762091076.722081,10
1762091076.851619,11
1762091076.967918,12
1762091077.082881,12
1762091077.201274,12
1762091077.319728,12
1762091077.436434,11
1762091077.558896,11
1762091077.680431,12
1762091077.819558,13
1762091077.936423,14
1762091078.052103,13
1762091078.166128,19
1762091078.288883,17
1762091078.404220,14
1762091078.523621,15
1762091078.645728,14
1762091078.765348,14
1762091078.886202,14
1762091079.004502,14
1762091079.129248,14
1762091079.246752,14
1762091079.361838,14
1762091079.478981,14
1762091079.595540,15
1762091079.710123,15
1762091079.838103,16
1762091079.969795,15
1762091080.088769,16
1762091080.203021,16
1762091080.329821,16
1762091080.445826,16
1762091080.564870,16
1762091080.681050,16
1762091080.795609,16
1762091080.911400,16
1762091081.033348,17
1762091081.154807,17
1762091081.279432,16
1762091081.401954,17
1762091081.519042,17
1762091081.633381,17
1762091081.752654,19
1762091081.872841,20
1762091081.993102,15
1762091082.111108,15
1762091082.228410,14
1762091082.344584,10
1762091082.463135,8
1762091082.581115,9
1762091082.697978,10
1762091082.812771,12
1762091082.929005,12
1762091083.044938,10
1762091083.162670,10
1762091083.283064,9
1762091083.398773,9
1762091083.520639,9
1762091083.637466,11
1762091083.752941,12
1762091083.871068,11
1762091083.991028,11
1762091084.114719,10
1762091084.233695,10
1762091084.348370,11
1762091084.471213,12
1762091084.594941,12
1762091084.711308,12
1762091084.827208,12
1762091084.941771,11
1762091085.057137,11
1762091085.172823,12
1762091085.289517,12
1762091085.404067,13
1762091085.522228,13
1762091085.640598,13
1762091085.759835,13
1762091085.874975,13
1762091086.006903,13
1762091086.125650,15
1762091086.241079,15
1762091086.360104,18
1762091086.473809,18
1762091086.593913,12
1762091086.724326,12
1762091086.840958,8
1762091086.955080,6
1762091087.069538,7
1762091087.186966,9
1762091087.300769,9
1762091087.419895,8
1762091087.540493,7
1762091087.658699,9
1762091087.782869,8
1762091087.899606,8
1762091088.020897,8
1762091088.137827,9
1762091088.252064,9
1762091088.376264,9
1762091088.495194,9
1762091088.613622,9
1762091088.740752,10
1762091088.863136,10
1762091088.978065,10
1762091089.094090,10
1762091089.212161,10
1762091089.327172,10
1762091089.444519,12
1762091089.560302,11
1762091089.678066,12
1762091089.801020,12
1762091089.915219,12
1762091090.031756,11
1762091090.145789,11
1762091090.299476,12
1762091090.418903,13
1762091090.538974,12
1762091090.659186,18
1762091090.774999,17
1762091090.889920,14
1762091091.010036,12
1762091091.125690,7
1762091091.239759,7
1762091091.355891,6
1762091091.471144,6
1762091091.588562,7
1762091091.705163,7
1762091091.823781,7
1762091091.938868,8
1762091092.085022,8
1762091092.204473,8
1762091092.323625,8
1762091092.441900,9
1762091092.560014,8
1762091092.689398,7
1762091092.821449,10
1762091092.940116,10
1762091093.054308,9
1762091093.184258,9
1762091093.305537,10
1762091093.421211,11
1762091093.551453,10
1762091093.666070,10
1762091093.783821,10
1762091093.900435,11
1762091094.020965,11
1762091094.144177,18
1762091094.261783,15
1762091094.379770,13
1762091094.496705,12
1762091094.612117,12
1762091094.733222,11
1762091094.847979,12
1762091094.964318,12
1762091095.082529,13
1762091095.200144,13
1762091095.315001,13
1762091095.435217,13
1762091095.554015,12
1762091095.672043,13
1762091095.788090,13
1762091095.904722,13
1762091096.020847,14
1762091096.136655,15
1762091096.254533,14
1762091096.369946,14
1762091096.487535,14
1762091096.603047,14
1762091096.719624,14
1762091096.841720,14
1762091096.956660,15
1762091097.075094,15
1762091097.194883,15
1762091097.317421,15
1762091097.434151,16
1762091097.551341,15
1762091097.669919,18
1762091097.791993,19
1762091097.910132,15
1762091098.038630,14
1762091098.154934,9
1762091098.269925,7
1762091098.385607,9
1762091098.506885,9
1762091098.624377,10
1762091098.748107,9
1762091098.872504,9
1762091098.990983,9
1762091099.108421,9
1762091099.228147,8
1762091099.350003,9
1762091099.468868,9
1762091099.586377,9
1762091099.717896,10
1762091099.837912,9
1762091099.965449,10
1762091100.085826,10
1762091100.200681,11
1762091100.322196,11
1762091100.445028,11
1762091100.562037,10
1762091100.681751,10
1762091100.805766,12
1762091100.922117,12
1762091101.037070,12
1762091101.152579,12
1762091101.270648,12
1762091101.386341,12
1762091101.502996,12
1762091101.621266,12
1762091101.741086,12
1762091101.857465,14
1762091101.974159,14
1762091102.095841,19
1762091102.214642,19
1762091102.332876,13
1762091102.448649,13
1762091102.567868,8
1762091102.686237,7
1762091102.807270,6
1762091102.933086,6
1762091103.055894,7
1762091103.177346,7
1762091103.293138,7
1762091103.418511,6
1762091103.585135,9
1762091103.706324,8
1762091103.824377,8
1762091103.959809,7
1762091104.088580,8
1762091104.215083,8
1762091104.333441,9
1762091104.448711,9
1762091104.567844,9
1762091104.684238,10
1762091104.801679,10
1762091104.919388,10
1762091105.047788,10
1762091105.163134,10
1762091105.280188,10
1762091105.396487,12
1762091105.513503,11
1762091105.628356,19
1762091105.747849,15
1762091105.863136,13
1762091105.993750,11
1762091106.110117,12
1762091106.226071,12
1762091106.351546,11
1762091106.475418,12
1762091106.596459,12
1762091106.712585,12
1762091106.827861,13
1762091106.944192,13
1762091107.058694,13
1762091107.176429,13
1762091107.292948,13
1762091107.409432,14
1762091107.535798,14
1762091107.652420,14
1762091107.769489,14
1762091107.898721,14
1762091108.013788,14
1762091108.130342,14
1762091108.246089,16
1762091108.361587,15
1762091108.477701,15
1762091108.597191,15
1762091108.714049,15
1762091108.830824,16
1762091108.953620,17
1762091109.074283,17
1762091109.191985,18
1762091109.312956,18
1762091109.428003,13
1762091109.544057,12
1762091109.662170,10
1762091109.778146,7
1762091109.907832,8
1762091110.017278,7
1762091110.134799,10
1762091110.255510,9
1762091110.378132,9
1762091110.501151,8
1762091110.617919,8
1762091110.733820,8
1762091110.855804,9
1762091110.973655,10
1762091111.110913,10
1762091111.228522,10
1762091111.349883,9
1762091111.468550,10
1762091111.587957,11
1762091111.703909,11
1762091111.819377,11
1762091111.939304,10
1762091112.056788,10
1762091112.175205,10
1762091112.304219,12
1762091112.423548,12
1762091112.539008,12
1762091112.654719,12
1762091112.772685,11
1762091112.890705,11
1762091113.007592,11
1762091113.126478,14
1762091113.244761,13
1762091113.358821,14
1762091113.481372,13
1762091113.599865,19
1762091113.714748,16
1762091113.840282,14
1762091113.961066,11
1762091114.076032,6
1762091114.195101,6
1762091114.310184,6
1762091114.425296,6
1762091114.547485,8
1762091114.669241,7
1762091114.783820,7
1762091114.899803,7
1762091115.015129,8
1762091115.134276,8
1762091115.250335,10
1762091115.367535,8
1762091115.485461,8
1762091115.601292,9
1762091115.716810,9
1762091115.831690,9
1762091115.951351,10
1762091116.079106,10
1762091116.200563,9
1762091116.319187,10
1762091116.434810,10
1762091116.551715,10
1762091116.668940,11
1762091116.810995,11
1762091116.938308,11
1762091117.057245,19
1762091117.178141,19
1762091117.295143,14
1762091117.420302,13
1762091117.533821,12
1762091117.653713,11
1762091117.769767,11
1762091117.886349,11
1762091118.004098,13
1762091118.119407,13
1762091118.236859,14
1762091118.353738,13
1762091118.471756,13
1762091118.592966,14
1762091118.711598,12
1762091118.827574,13
1762091118.948199,14
1762091119.066663,14
1762091119.184006,14
1762091119.299378,14
1762091119.419762,14
1762091119.548415,14
1762091119.664056,14
1762091119.781906,14
1762091119.899780,15
1762091120.016299,15
1762091120.130295,16
1762091120.243437,16
1762091120.361295,16
1762091120.480330,16
1762091120.594409,19
1762091120.708820,18
1762091120.823782,15
1762091120.943244,14
1762091121.057411,14
1762091121.173372,8
1762091121.288827,7
1762091121.405746,8
1762091121.521889,7
1762091121.635430,11
1762091121.749998,10
1762091121.865876,8
1762091121.979900,9
1762091122.095027,9
1762091122.213122,8
1762091122.329968,9
1762091122.448935,10
1762091122.569241,10
1762091122.691746,9
1762091122.807097,9
1762091122.929019,10
1762091123.046846,11
1762091123.164922,11
1762091123.283823,11
1762091123.400046,10
1762091123.516753,10
1762091123.640702,10
1762091123.758414,12
1762091123.874655,12
1762091124.006220,12
1762091124.124788,12
1762091124.245398,11
1762091124.363704,11
1762091124.482139,12
1762091124.596256,13
1762091124.727205,13
1762091124.841554,14
1762091124.956252,13
1762091125.071946,19
1762091125.188134,17
1762091125.305549,14
1762091125.426861,13
1762091125.544600,6
1762091125.664130,6
1762091125.777138,6
1762091125.891635,6
1762091126.010650,7
1762091126.128468,7
1762091126.244091,7
1762091126.366755,7
1762091126.489677,9
1762091126.606639,9
1762091126.723294,9
1762091126.838544,8
1762091126.954648,8
1762091127.071518,8
1762091127.187095,10
1762091127.304247,9
1762091127.418884,10
1762091127.535969,10
1762091127.654253,10
1762091127.771185,10
1762091127.886840,10
1762091128.004383,10
1762091128.124524,11
1762091128.256649,11
1762091128.375410,11
1762091128.494856,17
1762091128.610780,18
1762091128.723935,12
1762091128.838762,14
1762091128.955837,12
1762091129.073756,12
1762091129.188398,12
1762091129.305412,12
1762091129.423058,11
1762091129.539258,12
1762091129.654233,12
1762091129.774737,13
1762091129.893534,14
1762091130.015788,13
1762091130.143915,13
1762091130.269019,13
1762091130.385056,14
1762091130.501583,14
1762091130.617128,14
1762091130.736458,15
1762091130.854535,14
1762091130.975439,15
1762091131.098315,14
1762091131.224081,14
1762091131.339124,15
1762091131.454216,15
1762091131.570684,15
1762091131.688134,16
1762091131.816027,16
1762091131.938578,16
1762091132.073450,19
1762091132.197958,19
1762091132.313343,14
1762091132.430508,13
1762091132.548260,12
1762091132.668150,6
1762091132.787992,8
1762091132.902137,8
1762091133.018726,8
1762091133.136847,10
1762091133.258788,9
1762091133.375037,8
1762091133.489876,10
1762091133.606530,8
1762091133.722782,9
1762091133.838160,9
1762091133.952697,9
1762091134.069349,9
1762091134.191049,10
1762091134.307584,10
1762091134.424194,11
1762091134.539071,11
1762091134.654201,10
1762091134.769230,10
1762091134.891987,10
1762091135.008283,11
1762091135.127674,11
1762091135.244401,12
1762091135.361300,12
1762091135.481030,11
1762091135.598038,11
1762091135.714374,12
1762091135.832224,12
1762091135.945775,12
1762091136.061001,13
1762091136.180328,13
1762091136.303451,14
1762091136.424191,13
1762091136.554696,19
1762091136.688772,13
1762091136.806457,13
1762091136.923456,9
1762091137.038907,6
1762091137.156594,6
1762091137.271563,6
1762091137.388356,7
1762091137.507861,7
1762091137.624824,8
1762091137.740804,7
1762091137.870127,6
1762091137.997418,8
1762091138.117499,8
1762091138.237440,8
1762091138.357628,9
1762091138.473829,9
1762091138.589828,9
1762091138.705673,9
1762091138.824705,9
1762091138.943768,9
1762091139.058695,9
1762091139.173995,10
1762091139.288908,11
1762091139.405517,11
1762091139.520194,11
1762091139.635709,10
1762091139.754008,11
1762091139.870233,11
1762091139.989735,18
1762091140.104901,17
1762091140.220016,13
1762091140.334315,13
1762091140.450922,12
1762091140.567281,11
1762091140.690512,11
1762091140.807005,12
1762091140.923537,13
1762091141.041415,13
1762091141.156398,13
1762091141.270542,14
1762091141.392140,13
1762091141.508596,12
1762091141.625144,13
1762091141.741741,14
1762091141.856107,15
1762091141.972859,14
1762091142.111042,14
1762091142.226989,14
1762091142.350395,14
1762091142.468987,14
1762091142.595149,14
1762091142.715335,15
1762091142.842876,15
1762091142.962096,15
1762091143.076532,15
1762091143.198215,15
1762091143.314674,16
1762091143.428683,18
1762091143.557453,18
1762091143.680987,18
1762091143.796729,14
1762091143.915426,12
1762091144.031398,12
1762091144.158038,7
1762091144.283825,9
1762091144.408825,7
1762091144.533320,11
1762091144.657691,11
1762091144.781675,8
1762091144.898864,8
1762091145.018263,8
1762091145.133696,9
1762091145.253827,10
1762091145.372891,10
1762091145.493005,9
1762091145.608821,9
1762091145.729993,10
1762091145.855759,11
1762091145.975697,11
1762091146.093875,11
1762091146.212756,10
1762091146.328064,10
1762091146.442146,10
1762091146.565833,11
1762091146.679566,12
1762091146.799200,12
1762091146.926200,12
1762091147.042459,12
1762091147.158237,12
1762091147.289662,10
1762091147.409908,12
1762091147.527569,13
1762091147.647646,14
1762091147.770654,14
1762091147.887791,20
1762091148.006639,18
1762091148.124455,16
1762091148.242206,13
1762091148.358030,10
1762091148.477120,6
1762091148.601077,5
1762091148.716976,5
1762091148.831768,7
1762091148.954464,8
1762091149.082129,7
1762091149.198989,8
1762091149.312539,7
1762091149.426960,8
1762091149.548692,9
1762091149.664877,8
1762091149.780503,8
1762091149.898135,8
1762091150.015103,9
1762091150.131846,9
1762091150.247610,10
1762091150.366073,10
1762091150.482672,9
1762091150.613989,8
1762091150.732642,10
1762091150.867555,11
1762091150.989990,11
1762091151.108452,10
1762091151.225437,11
1762091151.340934,12
1762091151.487227,19
1762091151.603855,15
1762091151.721295,13
1762091151.837126,11
1762091151.951234,12
1762091152.065977,12
1762091152.182056,12
1762091152.303004,12
1762091152.423840,13
1762091152.545264,13
1762091152.663890,13
1762091152.785990,12
1762091152.903881,13
1762091153.020882,13
1762091153.137680,13
1762091153.256487,14
1762091153.376741,14
1762091153.495605,14
1762091153.610637,14
1762091153.728626,14
1762091153.883959,13
1762091154.009891,15
1762091154.133554,14
1762091154.258956,15
1762091154.383696,15
1762091154.500411,15
1762091154.645834,15
1762091154.772791,16
1762091154.922078,15
1762091155.044235,18
1762091155.179649,16
1762091155.295713,13
1762091155.424816,14
1762091155.542753,9
1762091155.667592,6
1762091155.788503,8
1762091155.908697,7
1762091156.024652,11
1762091156.149969,10
1762091156.269563,8
1762091156.387539,8
1762091156.513632,8
1762091156.638206,10
1762091156.753156,10
1762091156.871140,9
1762091156.993956,9
1762091157.129042,11
1762091157.253278,10
1762091157.371790,12
1762091157.489738,10
1762091157.605691,10
1762091157.719507,10
1762091157.840397,11
1762091157.958138,12
1762091158.079218,12
1762091158.193467,11
1762091158.308546,12
1762091158.427311,12
1762091158.548052,11
1762091158.690937,11
1762091158.811846,12
1762091158.929142,13
1762091159.073164,13
1762091159.192572,14
1762091159.318142,13
1762091159.437861,19
1762091159.556944,17
1762091159.671635,14
1762091159.798820,11
1762091159.912922,6
1762091160.032544,6
1762091160.158024,6
1762091160.275252,6
1762091160.393093,7
1762091160.510819,7
1762091160.634690,7
1762091160.753903,7
1762091160.879678,8
1762091160.995928,9
1762091161.111320,9
1762091161.224999,8
1762091161.343183,8
1762091161.457310,9
1762091161.570735,9
1762091161.692748,9
1762091161.818379,10
1762091161.937425,10
1762091162.077554,8
1762091162.199225,10
1762091162.346206,11
1762091162.490389,10
1762091162.682140,10
1762091162.802714,11
1762091162.920629,20
1762091163.040268,19
1762091163.155512,14
1762091163.273562,13
1762091163.389818,12
1762091163.525107,11
1762091163.639634,11
1762091163.756656,12
1762091163.874079,12
1762091163.992332,13
1762091164.109756,13
1762091164.226754,13
1762091164.356004,13
1762091164.471795,14
1762091164.589236,13
1762091164.705413,14
1762091164.822325,14
1762091164.946157,14
1762091165.063036,14
1762091165.181274,14
1762091165.301739,14
1762091165.440190,14
1762091165.554949,14
1762091165.669897,15
1762091165.786508,17
1762091165.901357,16
1762091166.018549,15
1762091166.140996,15
1762091166.262495,16
1762091166.383070,16
1762091166.499321,19
1762091166.620312,18
1762091166.738134,15
1762091166.853206,15
1762091166.970371,14
1762091167.087168,8
1762091167.203022,8
1762091167.319149,9
1762091167.437298,9
1762091167.557701,10
1762091167.684549,9
1762091167.808824,9
1762091167.925852,9
1762091168.044016,9
1762091168.163799,9
1762091168.278948,9
1762091168.395875,9
1762091168.512447,10
1762091168.636073,11
1762091168.758696,11
1762091168.887209,10
1762091169.005787,10
1762091169.158820,11
1762091169.281286,10
1762091169.398704,11
1762091169.514953,12
1762091169.632384,11
1762091169.750136,12
1762091169.865270,12
1762091169.983558,12
1762091170.120487,11
1762091170.243406,12
1762091170.370458,12
1762091170.489533,13
1762091170.628851,13
1762091170.759884,14
1762091170.881535,14
1762091171.001663,19
1762091171.118037,16
1762091171.239708,13
1762091171.356587,10
1762091171.483029,9
1762091171.611756,6
1762091171.730658,7
1762091171.846776,7
1762091171.964061,6
1762091172.085374,7
1762091172.207824,8
1762091172.324739,9
1762091172.441021,8
1762091172.569874,8
1762091172.694526,8
1762091172.824555,10
1762091172.944995,9
1762091173.062826,9
1762091173.178031,9
1762091173.295340,9
1762091173.412087,9
1762091173.529523,11
1762091173.645691,11
1762091173.766018,11
1762091173.888144,10
1762091174.006457,10
1762091174.125283,10
1762091174.246771,12
1762091174.363908,13
1762091174.481838,19
1762091174.595902,16
1762091174.710312,13
1762091174.854242,12
1762091174.976910,13
1762091175.095370,12
1762091175.219186,13
1762091175.336936,12
1762091175.452722,12
1762091175.571939,12
1762091175.690103,14
1762091175.811018,13
1762091175.928522,13
1762091176.043907,13
1762091176.157732,14
1762091176.278306,14
1762091176.398678,14
1762091176.520926,14
1762091176.637792,14
1762091176.752934,14
1762091176.878932,14
1762091176.994799,14
1762091177.113094,15
1762091177.233933,14
1762091177.348452,15
1762091177.470807,15
1762091177.588548,16
1762091177.703504,18
1762091177.821449,16
1762091177.939193,20
1762091178.066839,19
1762091178.183192,16
1762091178.302035,13
1762091178.418944,14
1762091178.538922,13
1762091178.654563,7
1762091178.779727,9
1762091178.894910,8
1762091179.021761,11
1762091179.140451,10
1762091179.262202,8
1762091179.380031,8
1762091179.496843,9
1762091179.614387,8
1762091179.732126,10
1762091179.848236,10
1762091179.964453,9
1762091180.081402,9
1762091180.205103,10
1762091180.326403,11
1762091180.448850,11
1762091180.581998,11
1762091180.708191,10
1762091180.827037,10
1762091180.954871,12
1762091181.071458,12
1762091181.190279,12
1762091181.325680,11
1762091181.445678,11
1762091181.562973,12
1762091181.680680,12
1762091181.796856,13
1762091181.916451,13
1762091182.036340,13
1762091182.164210,14
1762091182.289698,14
1762091182.411898,19
1762091182.531000,19
1762091182.648990,13
1762091182.772180,13
1762091182.894327,6
1762091183.009516,6
1762091183.130885,7
1762091183.254028,7
1762091183.382087,7
1762091183.506260,7
1762091183.622973,7
1762091183.739803,7
1762091183.856810,8
1762091183.974693,8
1762091184.096610,8
1762091184.213017,9
1762091184.346379,8
1762091184.465095,9
1762091184.589464,9
1762091184.712234,10
1762091184.829871,10
1762091184.944646,10
1762091185.069730,9
1762091185.187124,10
1762091185.304821,10
1762091185.423782,11
1762091185.544472,11
1762091185.662523,13
1762091185.777719,11
1762091185.895727,17
1762091186.016653,16
1762091186.132710,14
1762091186.248478,13
1762091186.370059,12
1762091186.487203,12
1762091186.607061,12
1762091186.721993,11
1762091186.838035,12
1762091186.959871,12
1762091187.074707,13
1762091187.192387,13
1762091187.306853,13
1762091187.424417,13
1762091187.542201,13
1762091187.657634,12
1762091187.776088,14
1762091187.894603,14
1762091188.015599,14
1762091188.130240,14
1762091188.248423,14
1762091188.370754,13
1762091188.497724,15
1762091188.614184,14
1762091188.734833,15
1762091188.851950,15
1762091188.969972,15
1762091189.111765,15
1762091189.228123,17
1762091189.343108,16
1762091189.460265,19
1762091189.578841,18
1762091189.701691,14
1762091189.817384,14
1762091189.934680,12
1762091190.059401,7
1762091190.186995,7
1762091190.306890,8
1762091190.422253,9
1762091190.543987,9
1762091190.660648,9
1762091190.778508,8
1762091190.899980,9
1762091191.024416,9
1762091191.157329,9
1762091191.273623,9
1762091191.388134,9
1762091191.508824,10
1762091191.630462,10
1762091191.746899,9
1762091191.866645,10
1762091191.992870,10
1762091192.118844,11
1762091192.242823,12
1762091192.361274,11
1762091192.476001,10
1762091192.593826,11
1762091192.713080,12
1762091192.848806,12
1762091192.976533,12
1762091193.097734,12
1762091193.217074,12
1762091193.336708,11
1762091193.454670,13
1762091193.570753,13
1762091193.683689,14
1762091193.808074,13
1762091193.941242,19
1762091194.059429,15
1762091194.181908,14
1762091194.311813,9
1762091194.429152,7
1762091194.546069,6
1762091194.664662,5
1762091194.790059,7
1762091194.912588,7
1762091195.027173,7
1762091195.150328,7
1762091195.264796,7
1762091195.379901,9
1762091195.496625,9
1762091195.642810,8
1762091195.759230,9
1762091195.873820,8
1762091195.988257,10
1762091196.108285,10
1762091196.225448,9
1762091196.344682,10
1762091196.465906,9
1762091196.587901,11
1762091196.708698,11
1762091196.830643,12
1762091196.949900,10
1762091197.068709,10
1762091197.189249,11
1762091197.312012,11
1762091197.430693,20
1762091197.551082,13
1762091197.670483,13
1762091197.789105,11
1762091197.906020,12
1762091198.022190,12
1762091198.139684,13
1762091198.254686,12
1762091198.370849,13
1762091198.486759,13
1762091198.602080,13
1762091198.738145,13
1762091198.866935,13
1762091198.983065,13
1762091199.099953,13
1762091199.218262,13
1762091199.338699,14
1762091199.469871,14
1762091199.587342,14
1762091199.707870,14
1762091199.828503,15
1762091199.956475,14
1762091200.084630,14
1762091200.199628,15
1762091200.319850,15
1762091200.436870,15
1762091200.567696,15
1762091200.683821,16
1762091200.802239,17
1762091200.919224,18
1762091201.035421,18
1762091201.154096,15
1762091201.271530,15
1762091201.387535,12
1762091201.504823,7
1762091201.623508,8
1762091201.739079,7
1762091201.854739,11
1762091201.976068,11
1762091202.093605,9
1762091202.211161,8
1762091202.328872,8
1762091202.445218,8
1762091202.560413,10
1762091202.681407,10
1762091202.805433,9
1762091202.922200,9
1762091203.035033,9
1762091203.154154,9
1762091203.270191,11
1762091203.386516,11
1762091203.502694,11
1762091203.622833,10
1762091203.737523,10
1762091203.853011,10
1762091203.974079,11
1762091204.087967,12
1762091204.211277,12
1762091204.328788,12
1762091204.443572,12
1762091204.559097,12
1762091204.675762,13
1762091204.791204,12
1762091204.907957,12
1762091205.024283,13
1762091205.143022,14
1762091205.273955,14
1762091205.397733,19
1762091205.549117,16
1762091205.668425,15
1762091205.783420,14
1762091205.918450,14
1762091206.033272,14
1762091206.157296,14
1762091206.302946,14
1762091206.422336,14
1762091206.540043,15
1762091206.654833,15
1762091206.806483,15
1762091206.930030,15
1762091207.051031,15
1762091207.168216,16
1762091207.297831,15
1762091207.445473,14
1762091207.574397,16
1762091207.695197,15
1762091207.827463,16
1762091207.944566,16
1762091208.081763,17
1762091208.211777,17
1762091208.350786,15
1762091208.499710,17
1762091208.628653,16
1762091208.758695,16
1762091208.914117,15
1762091209.026445,18
1762091209.149024,18
1762091209.307848,16
1762091209.437849,15
1762091209.556131,12
1762091209.703648,9
1762091209.858987,8
1762091209.969180,9
1762091210.107475,13
1762091210.232886,11
1762091210.357369,11
1762091210.476416,9
1762091210.593774,9
1762091210.706834,9
1762091210.826524,11
1762091210.941581,11
1762091211.057173,11
1762091211.172342,11
1762091211.290120,10
1762091211.406753,11
1762091211.523303,10
1762091211.637113,12
1762091211.754301,12
1762091211.870679,12
1762091211.986175,12
1762091212.104309,12
1762091212.222636,11
1762091212.345551,11
1762091212.461310,13
1762091212.577389,13
1762091212.693751,13
1762091212.810194,13
1762091212.928407,13
1762091213.044733,14
1762091213.167666,12
1762091213.285757,15
1762091213.402018,15
1762091213.519156,19
1762091213.634688,19
1762091213.749063,15
1762091213.871206,13
1762091213.987059,10
1762091214.107411,6
1762091214.224188,7
1762091214.342023,8
1762091214.457370,7
1762091214.576200,7
1762091214.693295,7
1762091214.813577,7
1762091214.928904,9
1762091215.045279,8
1762091215.162925,8
1762091215.279916,8
1762091215.396353,10
1762091215.515308,9
1762091215.641110,10
1762091215.758016,10
1762091215.873149,9
1762091215.992494,9
1762091216.107304,10
1762091216.222796,10
1762091216.338392,11
1762091216.452939,11
1762091216.569247,11
1762091216.685041,11
1762091216.800768,10
1762091216.915640,11
1762091217.031159,11
1762091217.147310,11
1762091217.262373,13
1762091217.377994,12
1762091217.493235,12
1762091217.608695,13
1762091217.726289,19
1762091217.844635,19
1762091217.961483,13
1762091218.079409,13
1762091218.194738,10
1762091218.314051,6
1762091218.432983,6
1762091218.548599,6
1762091218.665594,7
1762091218.783095,8
1762091218.898788,7
1762091219.014838,7
1762091219.128598,7
1762091219.244667,8
1762091219.359520,8
1762091219.474904,8
1762091219.589136,8
1762091219.703540,9
1762091219.819269,10
1762091219.937225,10
1762091220.056027,9
1762091220.171378,9
1762091220.287517,9
1762091220.402303,9
1762091220.518668,11
1762091220.635562,11
1762091220.752548,11
1762091220.866435,10
1762091220.993494,11
1762091221.108013,11
1762091221.224701,18
1762091221.339696,19
1762091221.454275,13
1762091221.568394,14
1762091221.683822,12
1762091221.798786,11
1762091221.915410,11
1762091222.029279,11
1762091222.144333,12
1762091222.259700,13
1762091222.373848,13
1762091222.490275,13
1762091222.606241,13
1762091222.721252,14
1762091222.835168,13
1762091222.951622,12
1762091223.066419,14
1762091223.180470,14
1762091223.297014,14
1762091223.414520,14
1762091223.529110,14
1762091223.643660,14
1762091223.759371,14
1762091223.874685,15
1762091223.999233,14
1762091224.119538,15
1762091224.239448,15
1762091224.356279,15
1762091224.475614,16
1762091224.590225,16
1762091224.704488,16
1762091224.819395,18
1762091224.933106,18
1762091225.048611,13
1762091225.162677,13
1762091225.278557,13
1762091225.393926,7
1762091225.507199,8
1762091225.621253,9
1762091225.735001,8
1762091225.852048,10
1762091225.970333,9
1762091226.089863,9
1762091226.205700,9
1762091226.322134,8
1762091226.437674,9
1762091226.553220,9
1762091226.669391,9
1762091226.784491,10
1762091226.899261,10
1762091227.016466,10
1762091227.132249,11
1762091227.247537,10
1762091227.363259,10
1762091227.480026,10
1762091227.595980,11
1762091227.713134,11
1762091227.829579,11
1762091227.945682,11
1762091228.061197,11
1762091228.175143,11
1762091228.291598,11
1762091228.406240,11
1762091228.523524,12
1762091228.640323,12
1762091228.756968,13
1762091228.871992,13
1762091228.992184,14
1762091229.108521,14
1762091229.225202,19
1762091229.342347,18
1762091229.458555,14
1762091229.574917,14
1762091229.689741,8
1762091229.805617,7
1762091229.921626,6
1762091230.035347,6
1762091230.153812,7
1762091230.270295,7
1762091230.387895,7
1762091230.501419,7
1762091230.616480,8
1762091230.731452,8
1762091230.846062,8
1762091230.960565,9
1762091231.074866,9
1762091231.190373,8
1762091231.305699,9
1762091231.420841,9
1762091231.536245,9
1762091231.651693,9
1762091231.771067,10
1762091231.886532,10
1762091232.000461,10
1762091232.117710,11
1762091232.233015,10
1762091232.349722,10
1762091232.466972,11
1762091232.582929,12
1762091232.699578,18
1762091232.816192,19
1762091232.930912,14
1762091233.046908,13
1762091233.163049,11
1762091233.282341,11
1762091233.396906,12
1762091233.512632,12
1762091233.632714,13
1762091233.750129,13
1762091233.867739,13
1762091233.985560,13
1762091234.099830,14
1762091234.218028,12
1762091234.339578,13
1762091234.458447,13
1762091234.577614,14
1762091234.694789,14
1762091234.810739,14
1762091234.933317,14
1762091235.050256,14
1762091235.165438,14
1762091235.281900,14
1762091235.396613,14
1762091235.510660,15
1762091235.626942,16
1762091235.740234,16
1762091235.863851,15
1762091235.980381,16
1762091236.095288,16
1762091236.210563,20
1762091236.325366,18
1762091236.439784,18
1762091236.555314,14
1762091236.669166,14
1762091236.785326,9
1762091236.901310,7
1762091237.018839,8
1762091237.135095,7
1762091237.249675,10
1762091237.366672,10
1762091237.484357,8
1762091237.604058,8
1762091237.719570,8
1762091237.834636,8
1762091237.950224,10
1762091238.065408,10
1762091238.179265,10
1762091238.293581,9
1762091238.409095,9
1762091238.523716,9
1762091238.646666,10
1762091238.763134,11
1762091238.878687,12
1762091238.997234,11
1762091239.123168,11
1762091239.249449,10
1762091239.369114,12
1762091239.490253,12
1762091239.608826,13
1762091239.726070,12
1762091239.846641,11
1762091239.961318,11
1762091240.079841,12
1762091240.197790,13
1762091240.311488,13
1762091240.429611,14
1762091240.549820,15
1762091240.687524,17
1762091240.819303,17
1762091240.932827,15
1762091241.045058,11
1762091241.158820,6
1762091241.272865,6
1762091241.396615,6
1762091241.512728,6
1762091241.627563,7
1762091241.741940,7
1762091241.856724,7
1762091241.973049,8
1762091242.088587,9
1762091242.201940,9
1762091242.319260,7
1762091242.433694,9
1762091242.544257,8
1762091242.651901,8
1762091242.765699,9
1762091242.897280,9
1762091243.011228,9
1762091243.141797,10
1762091243.263903,10
1762091243.410249,10
1762091243.539300,11
1762091243.666572,11
1762091243.782050,11
1762091243.897261,10
1762091244.012333,11
1762091244.133088,17
1762091244.247211,19
1762091244.362809,13
1762091244.476973,14
1762091244.593162,12
1762091244.710468,12
1762091244.837561,11
1762091244.958030,11
1762091245.076279,12
1762091245.194982,13
1762091245.309718,13
1762091245.430318,13
1762091245.550960,13
1762091245.671078,12
1762091245.790103,11
1762091245.905559,13
1762091246.024710,14
1762091246.138924,14
1762091246.254049,14
1762091246.369288,14
1762091246.485503,15
1762091246.600561,14
1762091246.715676,14
1762091246.831672,14
1762091246.946766,15
1762091247.063558,15
1762091247.179524,15
1762091247.289966,15
1762091247.403960,16
1762091247.529161,17
1762091247.665192,20
1762091247.781809,19
1762091247.899640,16
1762091248.028807,15
1762091248.146634,14
1762091248.261360,9
1762091248.379581,7
1762091248.515789,8
1762091248.633186,7
1762091248.770542,9
1762091248.891648,9
1762091249.011167,9
1762091249.145096,7
1762091249.261107,8
1762091249.376388,9
1762091249.503794,9
1762091249.624227,9
1762091249.748477,9
1762091249.868599,10
1762091249.988608,11
1762091250.116355,10
1762091250.255055,10
1762091250.408413,11
1762091250.527904,10
1762091250.673053,9
1762091250.796406,12
1762091250.916323,12
1762091251.037064,12
1762091251.146441,12
1762091251.287410,11
1762091251.409368,12
1762091251.533826,12
1762091251.655395,13
1762091251.767315,13
1762091251.881500,14
1762091252.001028,13
1762091252.124653,18
1762091252.241378,19
1762091252.354635,14
1762091252.470556,13
1762091252.604912,5
1762091252.749378,5
1762091252.862383,5
1762091252.984322,7
1762091253.111454,7
1762091253.236923,7
1762091253.366075,7
1762091253.487234,8
1762091253.603239,8
1762091253.751721,8
1762091253.869695,8
1762091253.987000,9
1762091254.101936,9
1762091254.216520,9
1762091254.333694,9
1762091254.448829,9
1762091254.562915,9
1762091254.681727,9
1762091254.810219,10
1762091254.925749,10
1762091255.042131,11
1762091255.156465,10
1762091255.272251,10
1762091255.393233,11
1762091255.512003,12
1762091255.629490,18
1762091255.783584,15
1762091255.903945,13
1762091256.023145,12
1762091256.139937,12
1762091256.255885,13
1762091256.374079,11
1762091256.491930,11
1762091256.610339,12
1762091256.727696,14
1762091256.858726,12
1762091256.989044,13
1762091257.110533,13
1762091257.225327,12
1762091257.352053,13
1762091257.469018,14
1762091257.609251,14
1762091257.728951,14
1762091257.850158,14
1762091257.971126,14
1762091258.096744,13
1762091258.217604,14
1762091258.330081,14
1762091258.455988,13
1762091258.576944,15
1762091258.708824,15
1762091258.827237,15
1762091258.945012,16
1762091259.060244,16
1762091259.197568,18
1762091259.316875,18
1762091259.445393,13
1762091259.576846,12
1762091259.707172,9
1762091259.828123,6
1762091259.945512,8
1762091260.065927,9
1762091260.195165,12
1762091260.346017,8
1762091260.492015,9
1762091260.605767,10
1762091260.721182,8
1762091260.859229,9
1762091260.976058,9
1762091261.112621,10
1762091261.233382,8
1762091261.346445,0
1762091261.460759,0
1762091261.587512,0
1762091261.708071,0
1762091261.855376,0
1762091261.983345,0
1762091262.098827,0
1762091262.225252,0
1762091262.361093,0
1762091262.484629,0
1762091262.629735,0
1762091262.749468,0
1762091262.871362,0
1762091262.998048,0
1762091263.124725,1
1762091263.246070,0
